# M1_osnovanie: module frame, origin on input joint. C file r11..r33 tx ty tz (mm)
C parts\01_osnovanie_niz.SLDPRT 1.000000000 -0.000000000 0.000000000 0.000000000 1.000000000 0.000000000 0.000000000 0.000000000 1.000000000 -0.00000 -0.00000 0.00000
C parts\02_plita_dvigatelya.SLDPRT 1.000000000 -0.000000000 -0.000000000 0.000000000 1.000000000 0.000000000 0.000000000 -0.000000000 1.000000000 -0.00000 0.00000 50.00000
C parts\03_kolco_nizhnee.SLDPRT 1.000000000 -0.000000000 0.000000000 0.000000000 1.000000000 0.000000000 -0.000000000 -0.000000000 1.000000000 0.00000 0.00000 55.00000
C pokupnye\stoyka_M3x45.SLDPRT 1.000000000 0.000000000 0.000000000 -0.000000000 1.000000000 0.000000000 -0.000000000 0.000000000 1.000000000 -50.00000 -50.00000 5.00000
C pokupnye\stoyka_M3x45.SLDPRT 1.000000000 0.000000000 0.000000000 -0.000000000 1.000000000 0.000000000 -0.000000000 0.000000000 1.000000000 -50.00000 50.00000 5.00000
C pokupnye\stoyka_M3x45.SLDPRT 1.000000000 0.000000000 0.000000000 -0.000000000 1.000000000 0.000000000 -0.000000000 0.000000000 1.000000000 50.00000 -50.00000 5.00000
C pokupnye\stoyka_M3x45.SLDPRT 1.000000000 0.000000000 0.000000000 -0.000000000 1.000000000 0.000000000 -0.000000000 0.000000000 1.000000000 50.00000 50.00000 5.00000
C pokupnye\NEMA17.SLDPRT 1.000000000 0.000000000 0.000000000 0.000000000 1.000000000 0.000000000 -0.000000000 0.000000000 1.000000000 -0.00000 0.00000 50.00000
C pokupnye\51106_shayba_niz.SLDPRT 1.000000000 0.000000000 0.000000000 0.000000000 1.000000000 0.000000000 0.000000000 0.000000000 1.000000000 0.00000 0.00000 55.00000
C pokupnye\51106_separator.SLDPRT 1.000000000 0.000000000 0.000000000 0.000000000 1.000000000 0.000000000 0.000000000 0.000000000 1.000000000 0.00000 0.00000 58.50000
