# M2_platforma: module frame, origin on input joint. C file r11..r33 tx ty tz (mm)
C pokupnye\51106_shayba_verh.SLDPRT 1.000000000 0.000000000 0.000000000 0.000000000 1.000000000 0.000000000 0.000000000 0.000000000 1.000000000 0.00000 0.00000 -3.50000
C parts\05_kolco_verhnee.SLDPRT 1.000000000 -0.000000000 -0.000000000 0.000000000 1.000000000 0.000000000 0.000000000 -0.000000000 1.000000000 0.00000 0.00000 -5.00000
C parts\04_povorotny_stol.SLDPRT 1.000000000 0.000000000 0.000000000 -0.000000000 1.000000000 0.000000000 0.000000000 0.000000000 1.000000000 -0.00000 0.00000 0.00000
C pokupnye\mufta_flanc_5mm.SLDPRT 1.000000000 0.000000000 0.000000000 0.000000000 1.000000000 0.000000000 -0.000000000 0.000000000 1.000000000 -0.00000 0.00000 0.00000
C parts\06_stoyka_levaya.SLDPRT 1.000000000 -0.000000000 -0.000000000 0.000000000 -0.000000000 1.000000000 -0.000000000 -1.000000000 -0.000000000 0.00000 32.50000 5.00000
C parts\07_stoyka_pravaya.SLDPRT 1.000000000 -0.000000000 0.000000000 0.000000000 0.000000000 1.000000000 -0.000000000 -1.000000000 0.000000000 -0.00000 -35.00000 5.00000
C parts\08_peremychka.SLDPRT 0.000000000 1.000000000 0.000000000 0.000000000 0.000000000 1.000000000 1.000000000 0.000000000 0.000000000 -38.00000 0.00000 5.00000
C pokupnye\MG996R.SLDPRT 1.000000000 0.000000000 -0.000000000 0.000000000 0.000000000 1.000000000 0.000000000 -1.000000000 0.000000000 -0.00000 32.50000 55.00000
C pokupnye\os_M4.SLDPRT 1.000000000 0.000000000 0.000000000 0.000000000 0.000000000 -1.000000000 0.000000000 1.000000000 0.000000000 0.00000 -42.00000 55.00000
