# M6_kleshnya: module frame, origin on input joint. C file r11..r33 tx ty tz (mm)
C parts\16_kleshnya_zad.SLDPRT 0.000000000 -1.000000000 0.000000000 0.000000000 0.000000000 1.000000000 -1.000000000 -0.000000000 0.000000000 3.00000 0.00000 -0.00000
C parts\17_ladon.SLDPRT -0.000000000 -1.000000000 -0.000000000 1.000000000 0.000000000 0.000000000 -0.000000000 -0.000000000 1.000000000 25.00000 0.00000 -12.50000
C parts\18_shesternya_R.SLDPRT -0.000000000 -1.000000000 -0.000000000 1.000000000 -0.000000000 0.000000000 -0.000000000 -0.000000000 1.000000000 25.00000 -0.00000 -1.50000
C parts\19_shesternya_L.SLDPRT -0.000000000 -1.000000000 0.000000000 1.000000000 0.000000000 0.000000000 -0.000000000 0.000000000 1.000000000 25.00000 0.00000 -1.50000
C parts\20_povodok.SLDPRT 0.000000000 -1.000000000 0.000000000 1.000000000 -0.000000000 -0.000000000 0.000000000 0.000000000 1.000000000 25.00000 -0.00000 -1.50000
C parts\20_povodok.SLDPRT 0.000000000 1.000000000 0.000000000 1.000000000 0.000000000 -0.000000000 -0.000000000 0.000000000 -1.000000000 25.00000 -0.00000 1.50000
C parts\21_palec.SLDPRT 0.000000000 -1.000000000 0.000000000 1.000000000 0.000000000 0.000000000 -0.000000000 0.000000000 1.000000000 25.00000 -0.00000 1.50000
C parts\21_palec.SLDPRT 0.000000000 -1.000000000 0.000000000 1.000000000 0.000000000 0.000000000 -0.000000000 0.000000000 1.000000000 25.00000 -0.00000 -4.50000
C parts\21_palec.SLDPRT 0.000000000 1.000000000 0.000000000 1.000000000 -0.000000000 0.000000000 0.000000000 0.000000000 -1.000000000 25.00000 0.00000 4.50000
C parts\21_palec.SLDPRT 0.000000000 1.000000000 0.000000000 1.000000000 -0.000000000 0.000000000 0.000000000 0.000000000 -1.000000000 25.00000 0.00000 -1.50000
C pokupnye\MG90S.SLDPRT 1.000000000 -0.000000000 0.000000000 0.000000000 1.000000000 -0.000000000 -0.000000000 0.000000000 1.000000000 25.00000 -12.00000 -12.50000
C pokupnye\kachalka_MG90S.SLDPRT 0.000000000 -1.000000000 -0.000000000 1.000000000 -0.000000000 -0.000000000 -0.000000000 -0.000000000 1.000000000 25.00000 -12.00000 -12.50000
C pokupnye\stoyka_M3x8.SLDPRT 0.000000000 -1.000000000 -0.000000000 1.000000000 0.000000000 -0.000000000 0.000000000 -0.000000000 1.000000000 25.00000 12.00000 -9.50000
C pokupnye\stoyka_M3x8.SLDPRT 0.000000000 -1.000000000 0.000000000 1.000000000 0.000000000 0.000000000 -0.000000000 -0.000000000 1.000000000 47.00000 -6.00000 -9.50000
C pokupnye\stoyka_M3x8.SLDPRT 0.000000000 -1.000000000 0.000000000 1.000000000 0.000000000 0.000000000 -0.000000000 -0.000000000 1.000000000 47.00000 6.00000 -9.50000
C pokupnye\kachalka_MG90S.SLDPRT 0.000000000 0.000000000 1.000000000 0.000000000 -1.000000000 0.000000000 1.000000000 -0.000000000 -0.000000000 -11.00000 0.00000 -0.00000
