PART 06 06_stoyka_levaya
THICK T5 5
STATUS gen
SKETCH KONTUR
A -0 50 -3.82026 71.66577 21.95897 51.34307 -1
L 21.95897 51.34307 25 0
L -37.38918 65.87846 -3.82026 71.66577
L 25 0 17 0
A -36 58 -43.99513 57.7208 -37.38918 65.87846 -1
L 17 0 17 -5
L -42 0 -43.99513 57.7208
L 17 -5 5 -5
L -35 0 -42 0
L 5 -5 5 0
L -35 -5 -35 0
L 5 0 -7.35 0
L -23 -5 -35 -5
L -7.35 0 -7.35 4.5
L -23 0 -23 -5
L -7.35 4.5 -6.1 4.5
L -10.65 0 -23 0
L -6.1 4.5 -6.1 7.1
L -10.65 4.5 -10.65 0
L -6.1 7.1 -7.35 7.1
L -11.9 4.5 -10.65 4.5
L -7.35 7.1 -7.35 10
L -11.9 7.1 -11.9 4.5
L -7.35 10 -10.65 10
L -10.65 7.1 -11.9 7.1
L -10.65 10 -10.65 7.1
L -32.9 11.9 -32.9 21.1
L -32.9 21.1 -38.1 21.1
L -38.1 11.9 -32.9 11.9
L -38.1 21.1 -38.1 11.9
L -30.75 60.1 -30.75 39.9
L -30.75 39.9 10.45 39.9
L 10.45 60.1 -30.75 60.1
L 10.45 39.9 10.45 60.1
SKETCH OTVERSTIYA
H -35.5 7.5 1.65 D_M3
H -34.9 45 1.65 D_M3
H -34.9 55 1.65 D_M3
H 14.6 45 1.65 D_M3
H 14.6 55 1.65 D_M3
END
