PART 08 08_peremychka
THICK T5 5
STATUS gen
SKETCH KONTUR
L 32.5 12 27.5 12
L 27.5 12 27.5 9.15
L 32.5 21 32.5 12
L 27.5 9.15 23 9.15
L 27.5 21 32.5 21
L 23 9.15 23 10.4
L 27.5 24 27.5 21
L 23 10.4 20.4 10.4
L -35 24 27.5 24
L 20.4 10.4 20.4 9.15
L -35 21 -35 24
L 20.4 9.15 17.5 9.15
L -40 21 -35 21
L 17.5 9.15 17.5 5.85
L -40 12 -40 21
L 17.5 5.85 20.4 5.85
L -35 12 -40 12
L 20.4 5.85 20.4 4.6
L -35 9.15 -35 12
L 20.4 4.6 23 4.6
L -30.5 9.15 -35 9.15
L 23 4.6 23 5.85
L -30.5 10.4 -30.5 9.15
L 23 5.85 27.5 5.85
L -27.9 10.4 -30.5 10.4
L 27.5 5.85 27.5 2
L -27.9 9.15 -27.9 10.4
L 27.5 2 -35 2
L -25 9.15 -27.9 9.15
L -35 2 -35 5.85
L -25 5.85 -25 9.15
L -35 5.85 -30.5 5.85
L -27.9 5.85 -25 5.85
L -30.5 5.85 -30.5 4.6
L -27.9 4.6 -27.9 5.85
L -30.5 4.6 -27.9 4.6
L 10.25 20 -17.75 20
A -17.75 15 -17.75 20 -17.75 10 1
L -17.75 10 10.25 10
A 10.25 15 10.25 10 10.25 20 1
SKETCH OTVERSTIYA
END
