PART 11 11_predplechye_levoe
THICK T3 3
STATUS gen
SKETCH KONTUR
A 49 -149.5 85.33086 -14.2962 7.29115 -15.8573 1
L 7.29115 -15.8573 0.27924 -15.99756
L 100.24433 -13.99787 85.33086 -14.2962
A -0 0 0.27924 -15.99756 0.27924 15.99756 -1
A 100 0 100.24433 13.99787 100.24433 -13.99787 -1
L 0.27924 15.99756 7.29115 15.8573
L 85.33086 14.2962 100.24433 13.99787
A 49 149.5 7.29115 15.8573 85.33086 14.2962 1
L 58 3 44 3
A 44 0 44 3 44 -3 1
L 44 -3 58 -3
A 58 0 58 -3 58 3 1
L 106.2 -6.3 106.2 6.3
L 106.2 6.3 83 6.3
L 83 -6.3 106.2 -6.3
L 83 6.3 83 -6.3
SKETCH OTVERSTIYA
H 0 0 1.65 D_M3
H 35 0 1.65 D_M3
H 68 0 1.65 D_M3
H 80.7 0 1.1 D_M2
H 108.5 0 1.1 D_M2
END
