PART 15 15_kist_plita
THICK T3 3
STATUS gen
SKETCH KONTUR
L 20 -3.35 15.5 -3.35
L 20 2 20 -3.35
L 15.5 -3.35 15.5 -2.1
L 23 2 20 2
L 15.5 -2.1 12.9 -2.1
L 23 10 23 2
L 12.9 -2.1 12.9 -3.35
L 20 10 23 10
L 12.9 -3.35 10 -3.35
L 20 12 20 10
L 10 -3.35 10 -6.65
L -20 12 20 12
L 10 -6.65 12.9 -6.65
L -20 10 -20 12
L 12.9 -6.65 12.9 -7.9
L -23 10 -20 10
L 12.9 -7.9 15.5 -7.9
L -23 2 -23 10
L 15.5 -7.9 15.5 -6.65
L -20 2 -23 2
L 15.5 -6.65 20 -6.65
L -20 -3.35 -20 2
L 20 -6.65 20 -12
L -15.5 -3.35 -20 -3.35
L 20 -12 23 -12
L -15.5 -2.1 -15.5 -3.35
L 23 -12 23 -20
L -12.9 -2.1 -15.5 -2.1
L 23 -20 20 -20
L -12.9 -3.35 -12.9 -2.1
L 20 -20 20 -23
L -10 -3.35 -12.9 -3.35
L 20 -23 -20 -23
L -10 -6.65 -10 -3.35
L -20 -23 -20 -20
L -12.9 -6.65 -10 -6.65
L -20 -20 -23 -20
L -12.9 -7.9 -12.9 -6.65
L -23 -20 -23 -12
L -15.5 -7.9 -12.9 -7.9
L -23 -12 -20 -12
L -15.5 -6.65 -15.5 -7.9
L -20 -12 -20 -6.65
L -20 -6.65 -15.5 -6.65
L 6.3 6.2 -6.3 6.2
L -6.3 6.2 -6.3 -17
L 6.3 -17 6.3 6.2
L -6.3 -17 6.3 -17
SKETCH OTVERSTIYA
H 0 -19.3 1.1 D_M2
H 0 8.5 1.1 D_M2
END
