PART 17 17_ladon
THICK T3 3
STATUS gen
SKETCH KONTUR
L -19.60845 2.47214 -12.6574 24.16312
A -6 22 -12.6574 24.16312 -6 29 -1
A -11.99986 -0.00004 -19.90151 1.25148 -19.60845 2.47214 -1
L -6 29 6 29
L -22 -12 -19.90151 1.25148
A 6 22 6 29 11.96848 25.65749 -1
L -22 -22 -22 -12
L 11.96848 25.65749 19.54216 13.39624
L -16 -22 -22 -22
A 14 10 19.54216 13.39624 20.48417 10.45342 -1
L -16 -25 -16 -22
L 20.48417 10.45342 22 -12
L -6 -25 -16 -25
L 22 -12 22 -22
L -6 -22 -6 -25
L 22 -22 16 -22
L -1.65 -22 -6 -22
L 16 -22 16 -25
L -1.65 -17.5 -1.65 -22
L 16 -25 6 -25
L -2.9 -17.5 -1.65 -17.5
L 6 -25 6 -22
L -2.9 -14.9 -2.9 -17.5
L 6 -22 1.65 -22
L -1.65 -14.9 -2.9 -14.9
L 1.65 -22 1.65 -17.5
L -1.65 -12 -1.65 -14.9
L 1.65 -17.5 2.9 -17.5
L 1.65 -12 -1.65 -12
L 2.9 -17.5 2.9 -14.9
L 1.65 -14.9 1.65 -12
L 2.9 -14.9 1.65 -14.9
L 18.3 6.2 5.7 6.2
L 5.7 6.2 5.7 -17
L 18.3 -17 18.3 6.2
L 5.7 -17 18.3 -17
SKETCH OTVERSTIYA
H -12 0 1.65 D_M3
H 12 -19.3 1.1 D_M2
H -6 22 1.65 D_M3
H 12 8.5 1.1 D_M2
H 6 22 1.65 D_M3
END
