PART 18 18_shesternya_R
THICK T3 3
STATUS gen
SKETCH KONTUR
L 1.93499 1.10056 1.99271 1.5394
L 1.99271 1.5394 2.06955 1.97529
L 0.7905 1.2257 1.93499 1.10056
L 2.06955 1.97529 2.16537 2.40741
L 0.56625 1.22029 0.7905 1.2257
L 2.16537 2.40741 2.27998 2.83493
L 0.33946 1.18946 0.56625 1.22029
L 2.27998 2.83493 1.17472 3.15729
L 0.11122 1.14116 0.33946 1.18946
L 1.17472 3.15729 0.96961 3.24811
L -0.11793 1.07805 0.11122 1.14116
L 0.96961 3.24811 0.77188 3.36338
L -0.3476 1.00155 -0.11793 1.07805
L 0.77188 3.36338 0.5795 3.49534
L -0.57746 0.91261 -0.3476 1.00155
L 0.5795 3.49534 0.39194 3.64135
L -0.80719 0.81185 -0.57746 0.91261
L 0.39194 3.64135 0.20902 3.79991
L -1.0365 0.69976 -0.80719 0.81185
L 0.20902 3.79991 0.0307 3.97004
L -1.2651 0.57669 -1.0365 0.69976
L 0.0307 3.97004 -0.14298 4.15105
L -1.49273 0.44295 -1.2651 0.57669
L -0.14298 4.15105 -0.31194 4.34236
L -1.49273 -0.44295 -1.49273 0.44295
L -0.31194 4.34236 -0.47605 4.54354
L -1.2651 -0.57669 -1.49273 -0.44295
L -0.47605 4.54354 -0.63517 4.75422
L -1.0365 -0.69976 -1.2651 -0.57669
L -0.63517 4.75422 -0.29615 5.57267
L -0.80719 -0.81185 -1.0365 -0.69976
L -0.29615 5.57267 -0.03467 5.60913
L -0.57746 -0.91261 -0.80719 -0.81185
L -0.03467 5.60913 0.22363 5.63534
L -0.3476 -1.00155 -0.57746 -0.91261
L 0.22363 5.63534 0.47838 5.65115
L -0.11793 -1.07805 -0.3476 -1.00155
L 0.47838 5.65115 0.72918 5.65633
L 0.11122 -1.14116 -0.11793 -1.07805
L 0.72918 5.65633 0.97558 5.65054
L 0.33946 -1.18946 0.11122 -1.14116
L 0.97558 5.65054 1.21704 5.63331
L 0.56625 -1.22029 0.33946 -1.18946
L 1.21704 5.63331 1.45291 5.60393
L 0.7905 -1.2257 0.56625 -1.22029
L 1.45291 5.60393 1.68225 5.56121
L 1.93499 -1.10056 0.7905 -1.2257
L 1.68225 5.56121 1.90358 5.50291
L 1.99271 -1.5394 1.93499 -1.10056
L 1.90358 5.50291 2.11283 5.42209
L 2.06955 -1.97529 1.99271 -1.5394
L 2.11283 5.42209 3.12231 4.8685
L 2.16537 -2.40741 2.06955 -1.97529
L 3.12231 4.8685 3.34357 5.25184
L 2.27998 -2.83493 2.16537 -2.40741
L 3.34357 5.25184 3.58137 5.62515
L 1.17472 -3.15729 2.27998 -2.83493
L 3.58137 5.62515 3.83526 5.98771
L 0.96961 -3.24811 1.17472 -3.15729
L 3.83526 5.98771 4.10475 6.33882
L 0.77188 -3.36338 0.96961 -3.24811
L 4.10475 6.33882 3.20698 7.05961
L 0.5795 -3.49534 0.77188 -3.36338
L 3.20698 7.05961 3.05225 7.222
L 0.39194 -3.64135 0.5795 -3.49534
L 3.05225 7.222 2.91368 7.40417
L 0.20902 -3.79991 0.39194 -3.64135
L 2.91368 7.40417 2.78644 7.59971
L 0.0307 -3.97004 0.20902 -3.79991
L 2.78644 7.59971 2.66904 7.80638
L -0.14298 -4.15105 0.0307 -3.97004
L 2.66904 7.80638 2.56072 8.02287
L -0.31194 -4.34236 -0.14298 -4.15105
L 2.56072 8.02287 2.46108 8.24829
L -0.47605 -4.54354 -0.31194 -4.34236
L 2.46108 8.24829 2.36989 8.48198
L -0.63517 -4.75422 -0.47605 -4.54354
L 2.36989 8.48198 2.287 8.72339
L -0.29615 -5.57267 -0.63517 -4.75422
L 2.287 8.72339 2.21238 8.97206
L -0.03467 -5.60913 -0.29615 -5.57267
L 2.21238 8.97206 2.14599 9.22759
L 0.22363 -5.63534 -0.03467 -5.60913
L 2.14599 9.22759 2.77241 9.85401
L 0.47838 -5.65115 0.22363 -5.63534
L 2.77241 9.85401 3.02794 9.78762
L 0.72918 -5.65633 0.47838 -5.65115
L 3.02794 9.78762 3.27661 9.713
L 0.97558 -5.65054 0.72918 -5.65633
L 3.27661 9.713 3.51802 9.63011
L 1.21704 -5.63331 0.97558 -5.65054
L 3.51802 9.63011 3.75171 9.53892
L 1.45291 -5.60393 1.21704 -5.63331
L 3.75171 9.53892 3.97713 9.43928
L 1.68225 -5.56121 1.45291 -5.60393
L 3.97713 9.43928 4.19362 9.33096
L 1.90358 -5.50291 1.68225 -5.56121
L 4.19362 9.33096 4.40029 9.21356
L 2.11283 -5.42209 1.90358 -5.50291
L 4.40029 9.21356 4.59583 9.08632
L 3.12231 -4.8685 2.11283 -5.42209
L 4.59583 9.08632 4.778 8.94775
L 3.34357 -5.25184 3.12231 -4.8685
L 4.778 8.94775 4.94039 8.79302
L 3.58137 -5.62515 3.34357 -5.25184
L 4.94039 8.79302 5.66118 7.89525
L 3.83526 -5.98771 3.58137 -5.62515
L 5.66118 7.89525 6.01229 8.16474
L 4.10475 -6.33882 3.83526 -5.98771
L 6.01229 8.16474 6.37485 8.41863
L 3.20698 -7.05961 4.10475 -6.33882
L 6.37485 8.41863 6.74816 8.65643
L 3.05225 -7.222 3.20698 -7.05961
L 6.74816 8.65643 7.1315 8.87769
L 2.91368 -7.40417 3.05225 -7.222
L 7.1315 8.87769 6.57791 9.88717
L 2.78644 -7.59971 2.91368 -7.40417
L 6.57791 9.88717 6.49709 10.09642
L 2.66904 -7.80638 2.78644 -7.59971
L 6.49709 10.09642 6.43879 10.31775
L 2.56072 -8.02287 2.66904 -7.80638
L 6.43879 10.31775 6.39607 10.54709
L 2.46108 -8.24829 2.56072 -8.02287
L 6.39607 10.54709 6.36669 10.78296
L 2.36989 -8.48198 2.46108 -8.24829
L 6.36669 10.78296 6.34946 11.02442
L 2.287 -8.72339 2.36989 -8.48198
L 6.34946 11.02442 6.34367 11.27082
L 2.21238 -8.97206 2.287 -8.72339
L 6.34367 11.27082 6.34885 11.52162
L 2.14599 -9.22759 2.21238 -8.97206
L 6.34885 11.52162 6.36466 11.77637
L 2.77241 -9.85401 2.14599 -9.22759
L 6.36466 11.77637 6.39087 12.03467
L 3.02794 -9.78762 2.77241 -9.85401
L 6.39087 12.03467 6.42733 12.29615
L 3.27661 -9.713 3.02794 -9.78762
L 6.42733 12.29615 7.24578 12.63517
L 3.51802 -9.63011 3.27661 -9.713
L 7.24578 12.63517 7.45646 12.47605
L 3.75171 -9.53892 3.51802 -9.63011
L 7.45646 12.47605 7.65764 12.31194
L 3.97713 -9.43928 3.75171 -9.53892
L 7.65764 12.31194 7.84895 12.14298
L 4.19362 -9.33096 3.97713 -9.43928
L 7.84895 12.14298 8.02996 11.9693
L 4.40029 -9.21356 4.19362 -9.33096
L 8.02996 11.9693 8.20009 11.79098
L 4.59583 -9.08632 4.40029 -9.21356
L 8.20009 11.79098 8.35865 11.60806
L 4.778 -8.94775 4.59583 -9.08632
L 8.35865 11.60806 8.50466 11.4205
L 4.94039 -8.79302 4.778 -8.94775
L 8.50466 11.4205 8.63662 11.22812
L 5.66118 -7.89525 4.94039 -8.79302
L 8.63662 11.22812 8.69801 11.12281
L 6.01229 -8.16474 5.66118 -7.89525
L 8.69801 11.12281 14.50442 33.40558
L 6.37485 -8.41863 6.01229 -8.16474
A 18.86109 32.27887 14.50442 33.40558 23.29937 31.53616 -1
L 6.74816 -8.65643 6.37485 -8.41863
L 23.29937 31.53616 19.60664 9.21749
L 7.1315 -8.87769 6.74816 -8.65643
L 19.60664 9.21749 19.80638 9.33096
L 6.57791 -9.88717 7.1315 -8.87769
L 19.80638 9.33096 20.02287 9.43928
L 6.49709 -10.09642 6.57791 -9.88717
L 20.02287 9.43928 20.24829 9.53892
L 6.43879 -10.31775 6.49709 -10.09642
L 20.24829 9.53892 20.48198 9.63011
L 6.39607 -10.54709 6.43879 -10.31775
L 20.48198 9.63011 20.72339 9.713
L 6.36669 -10.78296 6.39607 -10.54709
L 20.72339 9.713 20.97206 9.78762
L 6.34946 -11.02442 6.36669 -10.78296
L 20.97206 9.78762 21.22759 9.85401
L 6.34367 -11.27082 6.34946 -11.02442
L 21.22759 9.85401 21.85401 9.22759
L 6.34885 -11.52162 6.34367 -11.27082
L 21.85401 9.22759 21.78762 8.97206
L 6.36466 -11.77637 6.34885 -11.52162
L 21.78762 8.97206 21.713 8.72339
L 6.39087 -12.03467 6.36466 -11.77637
L 21.713 8.72339 21.63011 8.48198
L 6.42733 -12.29615 6.39087 -12.03467
L 21.63011 8.48198 21.53892 8.24829
L 7.24578 -12.63517 6.42733 -12.29615
L 21.53892 8.24829 21.43928 8.02287
L 7.45646 -12.47605 7.24578 -12.63517
L 21.43928 8.02287 21.33096 7.80638
L 7.65764 -12.31194 7.45646 -12.47605
L 21.33096 7.80638 21.21356 7.59971
L 7.84895 -12.14298 7.65764 -12.31194
L 21.21356 7.59971 21.08632 7.40417
L 8.02996 -11.9693 7.84895 -12.14298
L 21.08632 7.40417 20.94775 7.222
L 8.20009 -11.79098 8.02996 -11.9693
L 20.94775 7.222 20.79302 7.05961
L 8.35865 -11.60806 8.20009 -11.79098
L 20.79302 7.05961 19.89525 6.33882
L 8.50466 -11.4205 8.35865 -11.60806
L 19.89525 6.33882 20.16474 5.98771
L 8.63662 -11.22812 8.50466 -11.4205
L 20.16474 5.98771 20.41863 5.62515
L 8.75189 -11.03039 8.63662 -11.22812
L 20.41863 5.62515 20.65643 5.25184
L 8.84271 -10.82528 8.75189 -11.03039
L 20.65643 5.25184 20.87769 4.8685
L 9.16507 -9.72002 8.84271 -10.82528
L 20.87769 4.8685 21.88717 5.42209
L 9.59259 -9.83463 9.16507 -9.72002
L 21.88717 5.42209 22.09642 5.50291
L 10.02471 -9.93045 9.59259 -9.83463
L 22.09642 5.50291 22.31775 5.56121
L 10.4606 -10.00729 10.02471 -9.93045
L 22.31775 5.56121 22.54709 5.60393
L 10.89944 -10.06501 10.4606 -10.00729
L 22.54709 5.60393 22.78296 5.63331
L 10.7743 -11.2095 10.89944 -10.06501
L 22.78296 5.63331 23.02442 5.65054
L 10.77971 -11.43375 10.7743 -11.2095
L 23.02442 5.65054 23.27082 5.65633
L 10.81054 -11.66054 10.77971 -11.43375
L 23.27082 5.65633 23.52162 5.65115
L 10.85884 -11.88878 10.81054 -11.66054
L 23.52162 5.65115 23.77637 5.63534
L 10.92195 -12.11793 10.85884 -11.88878
L 23.77637 5.63534 24.03467 5.60913
L 10.99845 -12.3476 10.92195 -12.11793
L 24.03467 5.60913 24.29615 5.57267
L 11.08739 -12.57746 10.99845 -12.3476
L 24.29615 5.57267 24.63517 4.75422
L 11.18815 -12.80719 11.08739 -12.57746
L 24.63517 4.75422 24.47605 4.54354
L 11.30024 -13.0365 11.18815 -12.80719
L 24.47605 4.54354 24.31194 4.34236
L 11.42331 -13.2651 11.30024 -13.0365
L 24.31194 4.34236 24.14298 4.15105
L 11.55705 -13.49273 11.42331 -13.2651
L 24.14298 4.15105 23.9693 3.97004
L 12.44295 -13.49273 11.55705 -13.49273
L 23.9693 3.97004 23.79098 3.79991
L 12.57669 -13.2651 12.44295 -13.49273
L 23.79098 3.79991 23.60806 3.64135
L 12.69976 -13.0365 12.57669 -13.2651
L 23.60806 3.64135 23.4205 3.49534
L 12.81185 -12.80719 12.69976 -13.0365
L 23.4205 3.49534 23.22812 3.36338
L 12.91261 -12.57746 12.81185 -12.80719
L 23.22812 3.36338 23.03039 3.24811
L 13.00155 -12.3476 12.91261 -12.57746
L 23.03039 3.24811 22.82528 3.15729
L 13.07805 -12.11793 13.00155 -12.3476
L 22.82528 3.15729 21.72002 2.83493
L 13.14116 -11.88878 13.07805 -12.11793
L 21.72002 2.83493 21.83463 2.40741
L 13.18946 -11.66054 13.14116 -11.88878
L 21.83463 2.40741 21.93045 1.97529
L 13.22029 -11.43375 13.18946 -11.66054
L 21.93045 1.97529 22.00729 1.5394
L 13.2257 -11.2095 13.22029 -11.43375
L 22.00729 1.5394 22.06501 1.10056
L 13.10056 -10.06501 13.2257 -11.2095
L 22.06501 1.10056 23.2095 1.2257
L 13.5394 -10.00729 13.10056 -10.06501
L 23.2095 1.2257 23.43375 1.22029
L 13.97529 -9.93045 13.5394 -10.00729
L 23.43375 1.22029 23.66054 1.18946
L 14.40741 -9.83463 13.97529 -9.93045
L 23.66054 1.18946 23.88878 1.14116
L 14.83493 -9.72002 14.40741 -9.83463
L 23.88878 1.14116 24.11793 1.07805
L 15.15729 -10.82528 14.83493 -9.72002
L 24.11793 1.07805 24.3476 1.00155
L 15.24811 -11.03039 15.15729 -10.82528
L 24.3476 1.00155 24.57746 0.91261
L 15.36338 -11.22812 15.24811 -11.03039
L 24.57746 0.91261 24.80719 0.81185
L 15.49534 -11.4205 15.36338 -11.22812
L 24.80719 0.81185 25.0365 0.69976
L 15.64135 -11.60806 15.49534 -11.4205
L 25.0365 0.69976 25.2651 0.57669
L 15.79991 -11.79098 15.64135 -11.60806
L 25.2651 0.57669 25.49273 0.44295
L 15.97004 -11.9693 15.79991 -11.79098
L 25.49273 0.44295 25.49273 -0.44295
L 16.15105 -12.14298 15.97004 -11.9693
L 25.49273 -0.44295 25.2651 -0.57669
L 16.34236 -12.31194 16.15105 -12.14298
L 25.2651 -0.57669 25.0365 -0.69976
L 16.54354 -12.47605 16.34236 -12.31194
L 25.0365 -0.69976 24.80719 -0.81185
L 16.75422 -12.63517 16.54354 -12.47605
L 24.80719 -0.81185 24.57746 -0.91261
L 17.57267 -12.29615 16.75422 -12.63517
L 24.57746 -0.91261 24.3476 -1.00155
L 17.60913 -12.03467 17.57267 -12.29615
L 24.3476 -1.00155 24.11793 -1.07805
L 17.63534 -11.77637 17.60913 -12.03467
L 24.11793 -1.07805 23.88878 -1.14116
L 17.65115 -11.52162 17.63534 -11.77637
L 23.88878 -1.14116 23.66054 -1.18946
L 17.65633 -11.27082 17.65115 -11.52162
L 23.66054 -1.18946 23.43375 -1.22029
L 17.65054 -11.02442 17.65633 -11.27082
L 23.43375 -1.22029 23.2095 -1.2257
L 17.63331 -10.78296 17.65054 -11.02442
L 23.2095 -1.2257 22.06501 -1.10056
L 17.60393 -10.54709 17.63331 -10.78296
L 22.06501 -1.10056 22.00729 -1.5394
L 17.56121 -10.31775 17.60393 -10.54709
L 22.00729 -1.5394 21.93045 -1.97529
L 17.50291 -10.09642 17.56121 -10.31775
L 21.93045 -1.97529 21.83463 -2.40741
L 17.42209 -9.88717 17.50291 -10.09642
L 21.83463 -2.40741 21.72002 -2.83493
L 16.8685 -8.87769 17.42209 -9.88717
L 21.72002 -2.83493 22.82528 -3.15729
L 17.25184 -8.65643 16.8685 -8.87769
L 22.82528 -3.15729 23.03039 -3.24811
L 17.62515 -8.41863 17.25184 -8.65643
L 23.03039 -3.24811 23.22812 -3.36338
L 17.98771 -8.16474 17.62515 -8.41863
L 23.22812 -3.36338 23.4205 -3.49534
L 18.33882 -7.89525 17.98771 -8.16474
L 23.4205 -3.49534 23.60806 -3.64135
L 19.05961 -8.79302 18.33882 -7.89525
L 23.60806 -3.64135 23.79098 -3.79991
L 19.222 -8.94775 19.05961 -8.79302
L 23.79098 -3.79991 23.9693 -3.97004
L 19.40417 -9.08632 19.222 -8.94775
L 23.9693 -3.97004 24.14298 -4.15105
L 19.59971 -9.21356 19.40417 -9.08632
L 24.14298 -4.15105 24.31194 -4.34236
L 19.80638 -9.33096 19.59971 -9.21356
L 24.31194 -4.34236 24.47605 -4.54354
L 20.02287 -9.43928 19.80638 -9.33096
L 24.47605 -4.54354 24.63517 -4.75422
L 20.24829 -9.53892 20.02287 -9.43928
L 24.63517 -4.75422 24.29615 -5.57267
L 20.48198 -9.63011 20.24829 -9.53892
L 24.29615 -5.57267 24.03467 -5.60913
L 20.72339 -9.713 20.48198 -9.63011
L 24.03467 -5.60913 23.77637 -5.63534
L 20.97206 -9.78762 20.72339 -9.713
L 23.77637 -5.63534 23.52162 -5.65115
L 21.22759 -9.85401 20.97206 -9.78762
L 23.52162 -5.65115 23.27082 -5.65633
L 21.85401 -9.22759 21.22759 -9.85401
L 23.27082 -5.65633 23.02442 -5.65054
L 21.78762 -8.97206 21.85401 -9.22759
L 23.02442 -5.65054 22.78296 -5.63331
L 21.713 -8.72339 21.78762 -8.97206
L 22.78296 -5.63331 22.54709 -5.60393
L 21.63011 -8.48198 21.713 -8.72339
L 22.54709 -5.60393 22.31775 -5.56121
L 21.53892 -8.24829 21.63011 -8.48198
L 22.31775 -5.56121 22.09642 -5.50291
L 21.43928 -8.02287 21.53892 -8.24829
L 22.09642 -5.50291 21.88717 -5.42209
L 21.33096 -7.80638 21.43928 -8.02287
L 21.88717 -5.42209 20.87769 -4.8685
L 21.21356 -7.59971 21.33096 -7.80638
L 20.87769 -4.8685 20.65643 -5.25184
L 21.08632 -7.40417 21.21356 -7.59971
L 20.65643 -5.25184 20.41863 -5.62515
L 20.94775 -7.222 21.08632 -7.40417
L 20.41863 -5.62515 20.16474 -5.98771
L 20.79302 -7.05961 20.94775 -7.222
L 20.16474 -5.98771 19.89525 -6.33882
L 19.89525 -6.33882 20.79302 -7.05961
SKETCH OTVERSTIYA
H 10.33671 -7.82518 0.7 -
H 12 0 1.2 -
H 13.66329 7.82518 0.7 -
H 14.07912 9.78148 0.7 -
H 14.49494 11.73777 0.7 -
H 14.91076 13.69407 0.7 -
H 18.86109 32.27887 1.65 D_M3
END
