PART 19 19_shesternya_L
THICK T3 3
STATUS gen
SKETCH KONTUR
L -1.91368 0.88417 -1.88467 0.44251
L -1.88467 0.44251 -1.875 0
L -0.76677 0.98471 -1.91368 0.88417
L -1.875 0 -1.88467 -0.44251
L -0.54788 1.03377 -0.76677 0.98471
L -1.88467 -0.44251 -1.91368 -0.88417
L -0.33146 1.10826 -0.54788 1.03377
L -1.91368 -0.88417 -0.76677 -0.98471
L -0.11703 1.20015 -0.33146 1.10826
L -0.76677 -0.98471 -0.54788 -1.03377
L 0.0954 1.30676 -0.11703 1.20015
L -0.54788 -1.03377 -0.33146 -1.10826
L 0.30574 1.42659 0.0954 1.30676
L -0.33146 -1.10826 -0.11703 -1.20015
L 0.51383 1.55867 0.30574 1.42659
L -0.11703 -1.20015 0.0954 -1.30676
L 0.71949 1.70231 0.51383 1.55867
L 0.0954 -1.30676 0.30574 -1.42659
L 0.92252 1.85698 0.71949 1.70231
L 0.30574 -1.42659 0.51383 -1.55867
L 1.12272 2.02228 0.92252 1.85698
L 0.51383 -1.55867 0.71949 -1.70231
L 1.31989 2.19787 1.12272 2.02228
L 0.71949 -1.70231 0.92252 -1.85698
L 1.14706 3.06674 1.31989 2.19787
L 0.92252 -1.85698 1.12272 -2.02228
L 0.89771 3.1535 1.14706 3.06674
L 1.12272 -2.02228 1.31989 -2.19787
L 0.64949 3.2296 0.89771 3.1535
L 1.31989 -2.19787 1.14706 -3.06674
L 0.40272 3.29481 0.64949 3.2296
L 1.14706 -3.06674 0.89771 -3.1535
L 0.15775 3.34881 0.40272 3.29481
L 0.89771 -3.1535 0.64949 -3.2296
L -0.08505 3.39121 0.15775 3.34881
L 0.64949 -3.2296 0.40272 -3.29481
L -0.32523 3.42142 -0.08505 3.39121
L 0.40272 -3.29481 0.15775 -3.34881
L -0.56229 3.43862 -0.32523 3.42142
L 0.15775 -3.34881 -0.08505 -3.39121
L -0.79557 3.44146 -0.56229 3.43862
L -0.08505 -3.39121 -0.32523 -3.42142
L -1.02402 3.42745 -0.79557 3.44146
L -0.32523 -3.42142 -0.56229 -3.43862
L -1.24501 3.38902 -1.02402 3.42745
L -0.56229 -3.43862 -0.79557 -3.44146
L -2.3431 3.043 -1.24501 3.38902
L -0.79557 -3.44146 -1.02402 -3.42745
L -2.48532 3.46214 -2.3431 3.043
L -1.02402 -3.42745 -1.24501 -3.38902
L -2.64572 3.87467 -2.48532 3.46214
L -1.24501 -3.38902 -2.3431 -3.043
L -2.824 4.27979 -2.64572 3.87467
L -2.3431 -3.043 -2.48532 -3.46214
L -3.01981 4.67674 -2.824 4.27979
L -2.48532 -3.46214 -2.64572 -3.87467
L -1.99868 5.20853 -3.01981 4.67674
L -2.64572 -3.87467 -2.824 -4.27979
L -1.81523 5.33762 -1.99868 5.20853
L -2.824 -4.27979 -3.01981 -4.67674
L -1.64379 5.48925 -1.81523 5.33762
L -3.01981 -4.67674 -1.99868 -5.20853
L -1.48085 5.65621 -1.64379 5.48925
L -1.99868 -5.20853 -1.81523 -5.33762
L -1.32538 5.836 -1.48085 5.65621
L -1.81523 -5.33762 -1.64379 -5.48925
L -1.17691 6.0272 -1.32538 5.836
L -1.64379 -5.48925 -1.48085 -5.65621
L -1.03521 6.22886 -1.17691 6.0272
L -1.48085 -5.65621 -1.32538 -5.836
L -0.90017 6.44026 -1.03521 6.22886
L -1.32538 -5.836 -1.17691 -6.0272
L -0.77179 6.66086 -0.90017 6.44026
L -1.17691 -6.0272 -1.03521 -6.22886
L -0.65008 6.8902 -0.77179 6.66086
L -1.03521 -6.22886 -0.90017 -6.44026
L -0.53512 7.12786 -0.65008 6.8902
L -0.90017 -6.44026 -0.77179 -6.66086
L -1.02729 7.86446 -0.53512 7.12786
L -0.77179 -6.66086 -0.65008 -6.8902
L -1.29086 7.8492 -1.02729 7.86446
L -0.65008 -6.8902 -0.53512 -7.12786
L -1.54931 7.82451 -1.29086 7.8492
L -0.53512 -7.12786 -1.02729 -7.86446
L -1.80225 7.79032 -1.54931 7.82451
L -1.02729 -7.86446 -1.29086 -7.8492
L -2.04924 7.74647 -1.80225 7.79032
L -1.29086 -7.8492 -1.54931 -7.82451
L -2.28978 7.69272 -2.04924 7.74647
L -1.54931 -7.82451 -1.80225 -7.79032
L -2.52324 7.62872 -2.28978 7.69272
L -1.80225 -7.79032 -2.04924 -7.74647
L -2.74884 7.55389 -2.52324 7.62872
L -2.04924 -7.74647 -2.28978 -7.69272
L -2.96544 7.46725 -2.74884 7.55389
L -2.28978 -7.69272 -2.52324 -7.62872
L -3.17114 7.36688 -2.96544 7.46725
L -2.52324 -7.62872 -2.74884 -7.55389
L -3.36061 7.2468 -3.17114 7.36688
L -2.74884 -7.55389 -2.96544 -7.46725
L -4.24269 6.5069 -3.36061 7.2468
L -2.96544 -7.46725 -3.17114 -7.36688
L -4.53448 6.83971 -4.24269 6.5069
L -3.17114 -7.36688 -3.36061 -7.2468
L -4.84054 7.15946 -4.53448 6.83971
L -3.36061 -7.2468 -4.24269 -6.5069
L -5.16029 7.46552 -4.84054 7.15946
L -4.24269 -6.5069 -4.53448 -6.83971
L -5.4931 7.75731 -5.16029 7.46552
L -4.53448 -6.83971 -4.84054 -7.15946
L -4.7532 8.63939 -5.4931 7.75731
L -4.84054 -7.15946 -5.16029 -7.46552
L -4.63312 8.82886 -4.7532 8.63939
L -5.16029 -7.46552 -5.4931 -7.75731
L -4.53275 9.03456 -4.63312 8.82886
L -5.4931 -7.75731 -4.7532 -8.63939
L -4.44611 9.25116 -4.53275 9.03456
L -4.7532 -8.63939 -4.63312 -8.82886
L -4.37128 9.47676 -4.44611 9.25116
L -4.63312 -8.82886 -4.53275 -9.03456
L -4.30728 9.71022 -4.37128 9.47676
L -4.53275 -9.03456 -4.44611 -9.25116
L -4.25353 9.95076 -4.30728 9.71022
L -4.44611 -9.25116 -4.37128 -9.47676
L -4.20968 10.19775 -4.25353 9.95076
L -4.37128 -9.47676 -4.30728 -9.71022
L -4.17549 10.45069 -4.20968 10.19775
L -4.30728 -9.71022 -4.25353 -9.95076
L -4.1508 10.70914 -4.17549 10.45069
L -4.25353 -9.95076 -4.20968 -10.19775
L -4.13554 10.97271 -4.1508 10.70914
L -4.20968 -10.19775 -4.17549 -10.45069
L -4.87214 11.46488 -4.13554 10.97271
L -4.17549 -10.45069 -4.1508 -10.70914
L -5.1098 11.34992 -4.87214 11.46488
L -4.1508 -10.70914 -4.13554 -10.97271
L -5.33914 11.22821 -5.1098 11.34992
L -4.13554 -10.97271 -4.87214 -11.46488
L -5.55974 11.09983 -5.33914 11.22821
L -4.87214 -11.46488 -5.1098 -11.34992
L -5.77114 10.96479 -5.55974 11.09983
L -5.1098 -11.34992 -5.33914 -11.22821
L -5.9728 10.82309 -5.77114 10.96479
L -5.33914 -11.22821 -5.55974 -11.09983
L -6.164 10.67462 -5.9728 10.82309
L -5.55974 -11.09983 -5.77114 -10.96479
L -6.34379 10.51915 -6.164 10.67462
L -5.77114 -10.96479 -5.9728 -10.82309
L -6.51075 10.35621 -6.34379 10.51915
L -5.9728 -10.82309 -6.164 -10.67462
L -6.66238 10.18477 -6.51075 10.35621
L -6.164 -10.67462 -6.34379 -10.51915
L -6.79147 10.00132 -6.66238 10.18477
L -6.34379 -10.51915 -6.51075 -10.35621
L -7.32326 8.98019 -6.79147 10.00132
L -6.51075 -10.35621 -6.66238 -10.18477
L -7.72021 9.176 -7.32326 8.98019
L -6.66238 -10.18477 -6.79147 -10.00132
L -8.12533 9.35428 -7.72021 9.176
L -6.79147 -10.00132 -7.32326 -8.98019
L -8.24978 9.40267 -8.12533 9.35428
L -7.32326 -8.98019 -7.72021 -9.176
L -8.60745 10.77527 -8.24978 9.40267
L -7.72021 -9.176 -8.12533 -9.35428
L -8.57255 10.97598 -8.60745 10.77527
L -8.12533 -9.35428 -8.53786 -9.51468
L -8.55854 11.20443 -8.57255 10.97598
L -8.53786 -9.51468 -8.957 -9.6569
L -8.56138 11.43771 -8.55854 11.20443
L -8.957 -9.6569 -8.61098 -10.75499
L -8.57858 11.67477 -8.56138 11.43771
L -8.61098 -10.75499 -8.57255 -10.97598
L -8.60879 11.91495 -8.57858 11.67477
L -8.57255 -10.97598 -8.55854 -11.20443
L -8.65119 12.15775 -8.60879 11.91495
L -8.55854 -11.20443 -8.56138 -11.43771
L -8.70519 12.40272 -8.65119 12.15775
L -8.56138 -11.43771 -8.57858 -11.67477
L -8.7704 12.64949 -8.70519 12.40272
L -8.57858 -11.67477 -8.60879 -11.91495
L -8.8465 12.89771 -8.7704 12.64949
L -8.60879 -11.91495 -8.65119 -12.15775
L -8.93326 13.14706 -8.8465 12.89771
L -8.65119 -12.15775 -8.70519 -12.40272
L -9.24146 13.20836 -8.93326 13.14706
L -8.70519 -12.40272 -8.7704 -12.64949
L -14.50442 33.40558 -9.24146 13.20836
L -8.7704 -12.64949 -8.8465 -12.89771
A -18.86109 32.27887 -23.29937 31.53616 -14.50442 33.40558 -1
L -8.8465 -12.89771 -8.93326 -13.14706
L -19.8434 10.64847 -23.29937 31.53616
L -8.93326 -13.14706 -9.80213 -13.31989
L -19.82451 10.45069 -19.8434 10.64847
L -9.80213 -13.31989 -9.97772 -13.12272
L -19.79032 10.19775 -19.82451 10.45069
L -9.97772 -13.12272 -10.14302 -12.92252
L -19.74647 9.95076 -19.79032 10.19775
L -10.14302 -12.92252 -10.29769 -12.71949
L -19.69272 9.71022 -19.74647 9.95076
L -10.29769 -12.71949 -10.44133 -12.51383
L -19.68123 9.66829 -19.69272 9.71022
L -10.44133 -12.51383 -10.57341 -12.30574
L -19.25041 7.06444 -19.68123 9.66829
L -10.57341 -12.30574 -10.69324 -12.0954
L -19.46552 6.83971 -19.25041 7.06444
L -10.69324 -12.0954 -10.79985 -11.88297
L -19.75731 6.5069 -19.46552 6.83971
L -10.79985 -11.88297 -10.89174 -11.66854
L -20.63939 7.2468 -19.75731 6.5069
L -10.89174 -11.66854 -10.96623 -11.45212
L -20.82886 7.36688 -20.63939 7.2468
L -10.96623 -11.45212 -11.01529 -11.23323
L -21.03456 7.46725 -20.82886 7.36688
L -11.01529 -11.23323 -11.11583 -10.08632
L -21.25116 7.55389 -21.03456 7.46725
L -11.11583 -10.08632 -11.55749 -10.11533
L -21.47676 7.62872 -21.25116 7.55389
L -11.55749 -10.11533 -12 -10.125
L -21.71022 7.69272 -21.47676 7.62872
L -12 -10.125 -12.44251 -10.11533
L -21.95076 7.74647 -21.71022 7.69272
L -12.44251 -10.11533 -12.88417 -10.08632
L -22.19775 7.79032 -21.95076 7.74647
L -12.88417 -10.08632 -12.98471 -11.23323
L -22.45069 7.82451 -22.19775 7.79032
L -12.98471 -11.23323 -13.03377 -11.45212
L -22.70914 7.8492 -22.45069 7.82451
L -13.03377 -11.45212 -13.10826 -11.66854
L -22.97271 7.86446 -22.70914 7.8492
L -13.10826 -11.66854 -13.20015 -11.88297
L -23.46488 7.12786 -22.97271 7.86446
L -13.20015 -11.88297 -13.30676 -12.0954
L -23.34992 6.8902 -23.46488 7.12786
L -13.30676 -12.0954 -13.42659 -12.30574
L -23.22821 6.66086 -23.34992 6.8902
L -13.42659 -12.30574 -13.55867 -12.51383
L -23.09983 6.44026 -23.22821 6.66086
L -13.55867 -12.51383 -13.70231 -12.71949
L -22.96479 6.22886 -23.09983 6.44026
L -13.70231 -12.71949 -13.85698 -12.92252
L -22.82309 6.0272 -22.96479 6.22886
L -13.85698 -12.92252 -14.02228 -13.12272
L -22.67462 5.836 -22.82309 6.0272
L -14.02228 -13.12272 -14.19787 -13.31989
L -22.51915 5.65621 -22.67462 5.836
L -14.19787 -13.31989 -15.06674 -13.14706
L -22.35621 5.48925 -22.51915 5.65621
L -15.06674 -13.14706 -15.1535 -12.89771
L -22.18477 5.33762 -22.35621 5.48925
L -15.1535 -12.89771 -15.2296 -12.64949
L -22.00132 5.20853 -22.18477 5.33762
L -15.2296 -12.64949 -15.29481 -12.40272
L -20.98019 4.67674 -22.00132 5.20853
L -15.29481 -12.40272 -15.34881 -12.15775
L -21.176 4.27979 -20.98019 4.67674
L -15.34881 -12.15775 -15.39121 -11.91495
L -21.35428 3.87467 -21.176 4.27979
L -15.39121 -11.91495 -15.42142 -11.67477
L -21.51468 3.46214 -21.35428 3.87467
L -15.42142 -11.67477 -15.43862 -11.43771
L -21.6569 3.043 -21.51468 3.46214
L -15.43862 -11.43771 -15.44146 -11.20443
L -22.75499 3.38902 -21.6569 3.043
L -15.44146 -11.20443 -15.42745 -10.97598
L -22.97598 3.42745 -22.75499 3.38902
L -15.42745 -10.97598 -15.38902 -10.75499
L -23.20443 3.44146 -22.97598 3.42745
L -15.38902 -10.75499 -15.043 -9.6569
L -23.43771 3.43862 -23.20443 3.44146
L -15.043 -9.6569 -15.46214 -9.51468
L -23.67477 3.42142 -23.43771 3.43862
L -15.46214 -9.51468 -15.87467 -9.35428
L -23.91495 3.39121 -23.67477 3.42142
L -15.87467 -9.35428 -16.27979 -9.176
L -24.15775 3.34881 -23.91495 3.39121
L -16.27979 -9.176 -16.67674 -8.98019
L -24.40272 3.29481 -24.15775 3.34881
L -16.67674 -8.98019 -17.20853 -10.00132
L -24.64949 3.2296 -24.40272 3.29481
L -17.20853 -10.00132 -17.33762 -10.18477
L -24.89771 3.1535 -24.64949 3.2296
L -17.33762 -10.18477 -17.48925 -10.35621
L -25.14706 3.06674 -24.89771 3.1535
L -17.48925 -10.35621 -17.65621 -10.51915
L -25.31989 2.19787 -25.14706 3.06674
L -17.65621 -10.51915 -17.836 -10.67462
L -25.12272 2.02228 -25.31989 2.19787
L -17.836 -10.67462 -18.0272 -10.82309
L -24.92252 1.85698 -25.12272 2.02228
L -18.0272 -10.82309 -18.22886 -10.96479
L -24.71949 1.70231 -24.92252 1.85698
L -18.22886 -10.96479 -18.44026 -11.09983
L -24.51383 1.55867 -24.71949 1.70231
L -18.44026 -11.09983 -18.66086 -11.22821
L -24.30574 1.42659 -24.51383 1.55867
L -18.66086 -11.22821 -18.8902 -11.34992
L -24.0954 1.30676 -24.30574 1.42659
L -18.8902 -11.34992 -19.12786 -11.46488
L -23.88297 1.20015 -24.0954 1.30676
L -19.12786 -11.46488 -19.86446 -10.97271
L -23.66854 1.10826 -23.88297 1.20015
L -19.86446 -10.97271 -19.8492 -10.70914
L -23.45212 1.03377 -23.66854 1.10826
L -19.8492 -10.70914 -19.82451 -10.45069
L -23.23323 0.98471 -23.45212 1.03377
L -19.82451 -10.45069 -19.79032 -10.19775
L -22.08632 0.88417 -23.23323 0.98471
L -19.79032 -10.19775 -19.74647 -9.95076
L -22.11533 0.44251 -22.08632 0.88417
L -19.74647 -9.95076 -19.69272 -9.71022
L -22.125 0 -22.11533 0.44251
L -19.69272 -9.71022 -19.62872 -9.47676
L -22.11533 -0.44251 -22.125 0
L -19.62872 -9.47676 -19.55389 -9.25116
L -22.08632 -0.88417 -22.11533 -0.44251
L -19.55389 -9.25116 -19.46725 -9.03456
L -23.23323 -0.98471 -22.08632 -0.88417
L -19.46725 -9.03456 -19.36688 -8.82886
L -23.45212 -1.03377 -23.23323 -0.98471
L -19.36688 -8.82886 -19.2468 -8.63939
L -23.66854 -1.10826 -23.45212 -1.03377
L -19.2468 -8.63939 -18.5069 -7.75731
L -23.88297 -1.20015 -23.66854 -1.10826
L -18.5069 -7.75731 -18.83971 -7.46552
L -24.0954 -1.30676 -23.88297 -1.20015
L -18.83971 -7.46552 -19.15946 -7.15946
L -24.30574 -1.42659 -24.0954 -1.30676
L -19.15946 -7.15946 -19.46552 -6.83971
L -24.51383 -1.55867 -24.30574 -1.42659
L -19.46552 -6.83971 -19.75731 -6.5069
L -24.71949 -1.70231 -24.51383 -1.55867
L -19.75731 -6.5069 -20.63939 -7.2468
L -24.92252 -1.85698 -24.71949 -1.70231
L -20.63939 -7.2468 -20.82886 -7.36688
L -25.12272 -2.02228 -24.92252 -1.85698
L -20.82886 -7.36688 -21.03456 -7.46725
L -25.31989 -2.19787 -25.12272 -2.02228
L -21.03456 -7.46725 -21.25116 -7.55389
L -25.14706 -3.06674 -25.31989 -2.19787
L -21.25116 -7.55389 -21.47676 -7.62872
L -24.89771 -3.1535 -25.14706 -3.06674
L -21.47676 -7.62872 -21.71022 -7.69272
L -24.64949 -3.2296 -24.89771 -3.1535
L -21.71022 -7.69272 -21.95076 -7.74647
L -24.40272 -3.29481 -24.64949 -3.2296
L -21.95076 -7.74647 -22.19775 -7.79032
L -24.15775 -3.34881 -24.40272 -3.29481
L -22.19775 -7.79032 -22.45069 -7.82451
L -23.91495 -3.39121 -24.15775 -3.34881
L -22.45069 -7.82451 -22.70914 -7.8492
L -23.67477 -3.42142 -23.91495 -3.39121
L -22.70914 -7.8492 -22.97271 -7.86446
L -23.43771 -3.43862 -23.67477 -3.42142
L -22.97271 -7.86446 -23.46488 -7.12786
L -23.20443 -3.44146 -23.43771 -3.43862
L -23.46488 -7.12786 -23.34992 -6.8902
L -22.97598 -3.42745 -23.20443 -3.44146
L -23.34992 -6.8902 -23.22821 -6.66086
L -22.75499 -3.38902 -22.97598 -3.42745
L -23.22821 -6.66086 -23.09983 -6.44026
L -21.6569 -3.043 -22.75499 -3.38902
L -23.09983 -6.44026 -22.96479 -6.22886
L -21.51468 -3.46214 -21.6569 -3.043
L -22.96479 -6.22886 -22.82309 -6.0272
L -21.35428 -3.87467 -21.51468 -3.46214
L -22.82309 -6.0272 -22.67462 -5.836
L -21.176 -4.27979 -21.35428 -3.87467
L -22.67462 -5.836 -22.51915 -5.65621
L -20.98019 -4.67674 -21.176 -4.27979
L -22.51915 -5.65621 -22.35621 -5.48925
L -22.00132 -5.20853 -20.98019 -4.67674
L -22.35621 -5.48925 -22.18477 -5.33762
L -22.18477 -5.33762 -22.00132 -5.20853
SKETCH OTVERSTIYA
H -12 0 1.65 D_M3
H -18.86109 32.27887 1.65 D_M3
END
