PART 21 21_palec
THICK T3 3
STATUS gen
SKETCH KONTUR
L 6.8 63.77887 0.3 61.27887
L 0.3 61.27887 0.3 62.79013
L 6.8 69.52918 6.8 63.77887
L 0.3 62.79013 1.4 64.02887
L 7.03893 68.91521 6.8 69.52918
L 1.4 64.02887 0.3 65.26761
L 7.33973 68.13688 7.03893 68.91521
L 0.3 65.26761 0.3 65.29013
L 7.63475 67.36311 7.33973 68.13688
L 0.3 65.29013 1.4 66.52887
L 7.92024 66.59876 7.63475 67.36311
L 1.4 66.52887 0.3 67.76761
L 8.19239 65.84913 7.92024 66.59876
L 0.3 67.76761 0.3 67.79013
L 8.44736 65.11999 8.19239 65.84913
L 0.3 67.79013 1.4 69.02887
L 8.68128 64.41771 8.44736 65.11999
L 1.4 69.02887 0.3 70.26761
L 8.89033 63.74942 8.68128 64.41771
L 0.3 70.26761 0.3 70.29013
L 9.0708 63.12332 8.89033 63.74942
L 0.3 70.29013 1.4 71.52887
L 9.21926 62.54903 9.0708 63.12332
L 1.4 71.52887 0.3 72.76761
L 9.33291 62.03824 9.21926 62.54903
L 0.3 72.76761 0.3 72.79013
L 9.40419 61.6389 9.33291 62.03824
L 0.3 72.79013 1.4 74.02887
L 9.42747 61.42536 9.40419 61.6389
L 1.4 74.02887 0.3 75.26761
L 9.42757 61.41681 9.42747 61.42536
L 0.3 75.26761 0.3 75.29013
L 9.39362 61.3303 9.42757 61.41681
L 0.3 75.29013 1.4 76.52887
L 9.28342 61.08001 9.39362 61.3303
L 1.4 76.52887 0.3 77.76761
L 9.13118 60.73919 9.28342 61.08001
L 0.3 77.76761 0.3 77.79013
L 9.08066 60.62163 9.13118 60.73919
L 0.3 77.79013 1.4 79.02887
L 8.9273 60.25029 9.08066 60.62163
L 1.4 79.02887 0.3 80.26761
L 8.83696 60.01276 8.9273 60.25029
L 0.3 80.26761 0.3 80.29013
L 8.69622 59.60871 8.83696 60.01276
L 0.3 80.29013 1.4 81.52887
L 8.59606 59.28164 8.69622 59.60871
L 1.4 81.52887 0.3 82.76761
L 8.47678 58.83168 8.59606 59.28164
L 0.3 82.76761 0.3 82.79013
L 8.39376 58.45354 8.47678 58.83168
L 0.3 82.79013 1.4 84.02887
L 8.30476 57.94451 8.39376 58.45354
L 1.4 84.02887 0.3 85.26761
L 8.25399 57.55418 8.30476 57.94451
L 0.3 85.26761 0.3 85.29013
L 8.20411 56.97289 8.25399 57.55418
L 0.3 85.29013 1.4 86.52887
L 8.18766 56.60115 8.20411 56.97289
L 1.4 86.52887 0.3 87.76761
L 8.18608 56.05209 8.18766 56.60115
L 0.3 87.76761 0.3 89.63274
A 12.86109 54.27887 8.8864 51.24541 8.18608 56.05209 -1
L 0.3 89.63274 0.76115 89.99428
L 8.92101 51.08714 8.8864 51.24541
L 0.76115 89.99428 1.26783 90.29388
L 8.94085 51.0005 8.92101 51.08714
L 1.26783 90.29388 1.80928 90.52478
L 9.26226 49.65821 8.94085 51.0005
L 1.80928 90.52478 2.37624 90.68304
L 9.27741 49.59685 9.26226 49.65821
L 2.37624 90.68304 2.959 90.76593
L 9.64838 48.13836 9.27741 49.59685
L 2.959 90.76593 3.5476 90.77205
L 9.66015 48.09307 9.64838 48.13836
L 3.5476 90.77205 4.13196 90.7013
L 10.07116 46.54473 9.66015 48.09307
L 4.13196 90.7013 4.70208 90.55487
L 10.08043 46.51039 10.07116 46.54473
L 4.70208 90.55487 5.12916 90.38315
L 10.52196 44.89857 10.08043 46.51039
L 5.12916 90.38315 5.15458 90.37574
L 10.52929 44.87212 10.52196 44.89857
L 5.15458 90.37574 5.29679 90.33253
L 10.99181 43.22319 10.52929 44.87212
L 5.29679 90.33253 5.49831 90.26607
L 10.9976 43.20276 10.99181 43.22319
L 5.49831 90.26607 5.6498 90.21211
L 11.4716 41.54309 10.9976 43.20276
L 5.6498 90.21211 5.92363 90.10437
L 11.47608 41.5275 11.4716 41.54309
L 5.92363 90.10437 6.08366 90.03528
L 11.95203 39.88346 11.47608 41.5275
L 6.08366 90.03528 6.40111 89.88324
L 11.95535 39.87205 11.95203 39.88346
L 6.40111 89.88324 6.56895 89.79461
L 12.42373 38.27 11.95535 39.87205
L 6.56895 89.79461 6.90272 89.59961
L 12.42594 38.26249 12.42373 38.27
L 6.90272 89.59961 7.07765 89.48706
L 12.87826 36.72531 12.42594 38.26249
L 7.07765 89.48706 7.40402 89.25594
L 13.30276 35.28694 12.87826 36.72531
L 7.40402 89.25594 7.58529 89.11507
L 13.69005 33.97336 13.30276 35.28694
L 7.58529 89.11507 7.88649 88.85902
L 13.9352 33.13658 13.69005 33.97336
L 7.88649 88.85902 8.07338 88.68543
A 18.86109 32.27887 22.58838 35.61163 13.9352 33.13658 -1
L 8.07338 88.68543 8.33884 88.41729
L 22.32593 36.50744 22.58838 35.61163
L 8.33884 88.41729 8.53061 88.20659
L 22.32376 36.51483 22.32593 36.50744
L 8.53061 88.20659 8.75637 87.93826
L 21.93486 37.83389 22.32376 36.51483
L 8.75637 87.93826 8.95229 87.68606
L 21.51069 39.27112 21.93486 37.83389
L 8.95229 87.68606 9.13932 87.42681
L 21.06101 40.79931 21.51069 39.27112
L 9.13932 87.42681 9.33866 87.12871
L 20.59539 42.39191 21.06101 40.79931
L 9.33866 87.12871 9.4908 86.88466
L 20.12335 44.02245 20.59539 42.39191
L 9.4908 86.88466 9.69283 86.53628
L 19.65449 45.66411 20.12335 44.02245
L 9.69283 86.53628 9.79308 86.3538
L 19.19854 47.2896 19.65449 45.66411
L 9.79308 86.3538 10.00177 85.95218
L 18.76534 48.87102 19.19854 47.2896
L 10.00177 85.95218 10.05782 85.84057
L 18.36489 50.37956 18.76534 48.87102
L 10.05782 85.84057 10.27693 85.38866
L 18.00748 51.78476 18.36489 50.37956
L 10.27693 85.38866 10.31757 85.30253
L 17.70607 53.04351 18.00748 51.78476
L 10.31757 85.30253 10.54606 84.80473
A 12.86109 54.27887 17.22683 56.71614 17.70607 53.04351 -1
L 10.54606 84.80473 10.57659 84.73675
L 17.25168 56.80989 17.22683 56.71614
L 10.57659 84.73675 10.81339 84.19744
L 17.29431 56.93227 17.25168 56.80989
L 10.81339 84.19744 10.83693 84.14286
L 17.37472 57.12697 17.29431 56.93227
L 10.83693 84.14286 11.081 83.56645
L 17.50577 57.42035 17.37472 57.12697
L 11.081 83.56645 11.09951 83.52207
L 17.51553 57.44236 17.50577 57.42035
L 11.09951 83.52207 11.34979 82.91294
L 17.66763 57.78782 17.51553 57.44236
L 11.34979 82.91294 11.36456 82.87654
L 17.73827 57.95756 17.66763 57.78782
L 11.36456 82.87654 11.62 82.23909
L 17.87649 58.30986 17.73827 57.95756
L 11.62 82.23909 11.63189 82.20912
L 17.98529 58.62005 17.87649 58.30986
L 11.63189 82.20912 11.89143 81.54774
L 18.1008 58.99236 17.98529 58.62005
L 11.89143 81.54774 11.90103 81.52305
L 18.20943 59.41342 18.1008 58.99236
L 11.90103 81.52305 12.16362 80.84214
L 18.29339 59.81893 18.20943 59.41342
L 12.16362 80.84214 12.17137 80.82191
L 18.36606 60.29934 18.29339 59.81893
L 12.17137 80.82191 12.43596 80.12586
L 18.40964 60.75125 18.36606 60.29934
L 12.43596 80.12586 12.44214 80.10949
L 18.43014 61.23278 18.40964 60.75125
L 12.44214 80.10949 12.70767 79.4027
L 18.4245 61.74426 18.43014 61.23278
L 12.70767 79.4027 12.71251 79.38975
L 18.39827 62.18232 18.4245 61.74426
L 12.71251 79.38975 12.97793 78.67662
L 18.33458 62.76655 18.39827 62.18232
L 12.97793 78.67662 12.98157 78.6668
L 18.29106 63.06965 18.33458 62.76655
L 12.98157 78.6668 13.24582 77.95171
L 18.17614 63.71345 18.29106 63.06965
L 13.24582 77.95171 13.24835 77.94483
L 18.13876 63.89996 18.17614 63.71345
L 13.24835 77.94483 13.51038 77.23219
L 17.98781 64.57843 18.13876 63.89996
L 13.51038 77.23219 13.77061 76.52236
L 17.95198 64.72746 17.98781 64.57843
L 13.77061 76.52236 14.02145 75.83756
L 17.76875 65.4362 17.95198 64.72746
L 14.02145 75.83756 14.27268 75.16252
L 17.73595 65.55622 17.76875 65.4362
L 14.27268 75.16252 14.54044 74.45988
L 17.5242 66.29084 17.73595 65.55622
L 14.54044 74.45988 14.82531 73.72311
L 17.49502 66.38796 17.5242 66.29084
L 14.82531 73.72311 15.1231 72.95809
L 17.25849 67.14407 17.49502 66.38796
L 15.1231 72.95809 15.42812 72.17426
L 17.23311 67.22268 17.25849 67.14407
L 15.42812 72.17426 15.43191 72.1645
L 16.97557 67.99587 17.23311 67.22268
L 15.43191 72.1645 15.73828 71.37178
L 16.95397 68.05916 16.97557 67.99587
L 15.73828 71.37178 15.74559 71.35273
L 16.67916 68.84505 16.95397 68.05916
L 15.74559 71.35273 16.0497 70.55512
L 16.66124 68.89532 16.67916 68.84505
L 16.0497 70.55512 16.0605 70.52649
L 16.37292 69.68951 16.66124 68.89532
L 16.0605 70.52649 16.35859 69.7284
L 16.35859 69.7284 16.37292 69.68951
SKETCH OTVERSTIYA
H 18.86109 32.27887 1.65 D_M3
H 12.86109 54.27887 1.65 D_M3
END
